1000 199
1000 292
1000 240
1000 240
1000 237
1000 242
1000 248
1000 242
1000 255
1000 251
1000 264
1000 240
1000 238
1000 239
1000 243
1000 243
1000 224
1000 243
1000 241
1000 245
1000 230
1000 247
1000 153
1000 243
1000 215
1000 171
1000 173
1000 246
1000 239
1000 240
1000 235
1000 241
1000 244
1000 244
1000 228
1000 238
1000 238
1000 176
1000 246
1000 241
1000 238
1000 246
1000 243
1000 247
1000 179
1000 243
1000 243
1000 243
1000 241
1000 248
1000 240
1000 229
1000 173
1000 241
1000 239
1000 241
1000 241
1000 242
1000 239
1000 242
1000 243
1000 209
1000 248
1000 241
1000 243
1000 241
1000 240
1000 240
1000 225
1000 174
1000 177
1000 239
1000 218
1000 232
1000 242
1000 242
1000 240
1000 240
1000 244
1000 257
1000 243
1000 240
1000 182
1000 246
1000 242
1000 232
1000 239
1000 230
1000 240
1000 244
1000 238
1000 239
1000 232
1000 247
1000 243
1000 240
1000 239
1000 240
1000 242
1000 232
10000 949
10000 955
10000 958
10000 952
10000 960
10000 954
10000 953
10000 954
10000 960
10000 952
10000 957
10000 889
10000 975
10000 957
10000 952
10000 950
10000 959
10000 958
10000 955
10000 955
10000 965
10000 953
10000 957
10000 954
10000 889
10000 969
10000 953
10000 956
10000 949
10000 965
10000 951
10000 954
10000 951
10000 892
10000 885
10000 954
10000 952
10000 957
10000 936
10000 953
10000 954
10000 992
10000 955
10000 952
10000 948
10000 955
10000 963
10000 954
10000 890
10000 958
10000 951
10000 954
10000 888
10000 952
10000 979
10000 955
10000 952
10000 956
10000 958
10000 931
10000 949
10000 954
10000 960
10000 956
10000 957
10000 958
10000 953
10000 958
10000 954
10000 912
10000 963
10000 954
10000 952
10000 953
10000 955
10000 959
10000 956
10000 956
10000 967
10000 953
10000 952
10000 956
10000 952
10000 963
10000 957
10000 955
10000 982
10000 952
10000 952
10000 954
10000 952
10000 961
10000 954
10000 953
10000 969
10000 966
10000 1076
10000 970
10000 956
10000 953
100000 8033
100000 8074
100000 6500
100000 5891
100000 5792
100000 5790
100000 5784
100000 5769
100000 5811
100000 5776
100000 5802
100000 5861
100000 5859
100000 5827
100000 5820
100000 5879
100000 5832
100000 5884
100000 5928
100000 6040
100000 5843
100000 5869
100000 5829
100000 7659
100000 6569
100000 6554
100000 6553
100000 6676
100000 7102
100000 5990
100000 5768
100000 5781
100000 5768
100000 5773
100000 5782
100000 5786
100000 5778
100000 5837
100000 7726
100000 7742
100000 7729
100000 7736
100000 7776
100000 7695
100000 7720
100000 7749
100000 7726
100000 7845
100000 7752
100000 7744
100000 7833
100000 7782
100000 7824
100000 6606
100000 6559
100000 6664
100000 6577
100000 6573
100000 5989
100000 5839
100000 5865
100000 6524
100000 7102
100000 6109
100000 6224
100000 5937
100000 6391
100000 7854
100000 8063
100000 7904
100000 7268
100000 6347
100000 5919
100000 6598
100000 6491
100000 6071
100000 6090
100000 7052
100000 7734
100000 7759
100000 7948
100000 7540
100000 6090
100000 5986
100000 6446
100000 6528
100000 6556
100000 7178
100000 7125
100000 7228
100000 7128
100000 6932
100000 6115
100000 5890
100000 5796
100000 5910
100000 5791
100000 5884
100000 5898
100000 5923
1000000 58089
1000000 58117
1000000 57871
1000000 57240
1000000 58594
1000000 57313
1000000 58336
1000000 58718
1000000 57382
1000000 56984
1000000 56784
1000000 64706
1000000 69077
1000000 63335
1000000 63080
1000000 63179
1000000 64396
1000000 59088
1000000 57094
1000000 57426
1000000 59061
1000000 63318
1000000 62648
1000000 65343
1000000 59456
1000000 56839
1000000 59308
1000000 57307
1000000 56933
1000000 57537
1000000 61559
1000000 63099
1000000 63568
1000000 60547
1000000 59416
1000000 56888
1000000 57513
1000000 57219
1000000 56718
1000000 56955
1000000 56719
1000000 57269
1000000 56925
1000000 58140
1000000 57028
1000000 56862
1000000 56686
1000000 56649
1000000 56867
1000000 56628
1000000 56658
1000000 57340
1000000 58154
1000000 57083
1000000 56965
1000000 56512
1000000 57109
1000000 56775
1000000 56570
1000000 56922
1000000 57512
1000000 57623
1000000 57247
1000000 58231
1000000 58015
1000000 59546
1000000 58608
1000000 58009
1000000 58437
1000000 58381
1000000 57734
1000000 58183
1000000 58423
1000000 57425
1000000 57387
1000000 57039
1000000 57585
1000000 56878
1000000 58607
1000000 57107
1000000 57795
1000000 57288
1000000 57218
1000000 57407
1000000 61191
1000000 66883
1000000 57623
1000000 58645
1000000 57746
1000000 62034
1000000 59499
1000000 66175
1000000 57359
1000000 58624
1000000 58012
1000000 62615
1000000 58835
1000000 60940
1000000 59218
1000000 57900
