1000 167
1000 136
1000 189
1000 134
1000 131
1000 134
1000 164
1000 112
1000 168
1000 169
1000 131
1000 172
1000 182
1000 157
1000 134
1000 170
1000 175
1000 120
1000 163
1000 147
1000 121
1000 133
1000 134
1000 161
1000 139
1000 145
1000 137
1000 132
1000 143
1000 115
1000 191
1000 149
1000 204
1000 127
1000 109
1000 112
1000 102
1000 149
1000 193
1000 110
1000 126
1000 204
1000 110
1000 106
1000 202
1000 189
1000 114
1000 203
1000 138
1000 201
1000 180
1000 91
1000 134
1000 198
1000 112
1000 205
1000 191
1000 117
1000 203
1000 185
1000 115
1000 210
1000 195
1000 112
1000 108
1000 112
1000 112
1000 115
1000 156
1000 204
1000 131
1000 92
1000 136
1000 132
1000 113
1000 195
1000 190
1000 94
1000 116
1000 185
1000 111
1000 127
1000 189
1000 111
1000 113
1000 110
1000 202
1000 191
1000 187
1000 202
1000 130
1000 109
1000 200
1000 182
1000 121
1000 208
1000 180
1000 117
1000 204
1000 136
10000 558
10000 508
10000 473
10000 419
10000 432
10000 492
10000 425
10000 428
10000 424
10000 553
10000 446
10000 566
10000 553
10000 427
10000 427
10000 425
10000 850
10000 466
10000 560
10000 558
10000 570
10000 426
10000 559
10000 423
10000 556
10000 426
10000 434
10000 433
10000 470
10000 532
10000 469
10000 438
10000 426
10000 421
10000 427
10000 550
10000 423
10000 464
10000 422
10000 564
10000 561
10000 577
10000 424
10000 428
10000 449
10000 561
10000 552
10000 466
10000 563
10000 437
10000 563
10000 410
10000 432
10000 429
10000 556
10000 468
10000 551
10000 563
10000 577
10000 552
10000 555
10000 501
10000 421
10000 549
10000 426
10000 554
10000 422
10000 562
10000 428
10000 567
10000 531
10000 485
10000 525
10000 490
10000 497
10000 421
10000 488
10000 425
10000 553
10000 427
10000 555
10000 535
10000 488
10000 488
10000 427
10000 559
10000 432
10000 556
10000 404
10000 567
10000 428
10000 565
10000 548
10000 491
10000 500
10000 561
10000 544
10000 406
10000 555
10000 423
100000 3758
100000 3691
100000 5774
100000 4126
100000 4082
100000 3330
100000 3364
100000 3380
100000 3495
100000 3374
100000 3492
100000 3726
100000 3733
100000 3352
100000 3440
100000 3380
100000 3345
100000 3389
100000 3545
100000 3339
100000 3408
100000 3455
100000 3434
100000 3443
100000 3446
100000 3442
100000 3514
100000 3448
100000 3438
100000 3458
100000 3376
100000 3365
100000 3488
100000 3337
100000 3677
100000 3390
100000 3454
100000 3472
100000 3458
100000 3489
100000 3420
100000 3377
100000 3496
100000 3491
100000 3421
100000 3479
100000 3375
100000 3669
100000 3625
100000 3487
100000 3533
100000 3358
100000 3414
100000 3551
100000 3459
100000 3595
100000 3545
100000 3445
100000 3448
100000 3540
100000 3350
100000 3659
100000 3867
100000 3520
100000 3513
100000 3360
100000 3361
100000 3455
100000 3337
100000 3293
100000 3538
100000 3573
100000 3503
100000 3814
100000 3435
100000 3687
100000 3593
100000 3444
100000 3871
100000 4660
100000 3739
100000 4049
100000 4955
100000 3837
100000 3481
100000 3555
100000 3471
100000 3332
100000 3437
100000 3396
100000 3588
100000 3579
100000 3366
100000 3425
100000 3379
100000 3376
100000 3399
100000 3808
100000 3352
100000 3490
1000000 33328
1000000 31641
1000000 31980
1000000 31680
1000000 31535
1000000 32327
1000000 31787
1000000 32209
1000000 32038
1000000 33285
1000000 32286
1000000 32545
1000000 32130
1000000 32509
1000000 32821
1000000 33161
1000000 32095
1000000 31995
1000000 31888
1000000 32254
1000000 32343
1000000 31676
1000000 32479
1000000 32194
1000000 31687
1000000 32562
1000000 32481
1000000 33626
1000000 33043
1000000 33444
1000000 32479
1000000 33216
1000000 32294
1000000 34515
1000000 33405
1000000 32273
1000000 32804
1000000 32941
1000000 33291
1000000 33741
1000000 34577
1000000 33696
1000000 34217
1000000 33431
1000000 33884
1000000 33955
1000000 32538
1000000 33365
1000000 33571
1000000 32032
1000000 32207
1000000 32526
1000000 32072
1000000 32610
1000000 33117
1000000 33377
1000000 33526
1000000 34264
1000000 33170
1000000 32109
1000000 33854
1000000 31939
1000000 32381
1000000 31862
1000000 32183
1000000 32541
1000000 32074
1000000 31998
1000000 32149
1000000 31832
1000000 31529
1000000 31942
1000000 32107
1000000 31572
1000000 32087
1000000 32941
1000000 31874
1000000 32033
1000000 31968
1000000 32505
1000000 32182
1000000 32096
1000000 31858
1000000 31967
1000000 32779
1000000 32166
1000000 31892
1000000 31788
1000000 31924
1000000 31795
1000000 31885
1000000 31849
1000000 31800
1000000 32986
1000000 31912
1000000 32330
1000000 32656
1000000 32612
1000000 32631
1000000 32873
