1000 169
1000 186
1000 204
1000 186
1000 266
1000 181
1000 178
1000 161
1000 195
1000 165
1000 173
1000 176
1000 180
1000 158
1000 179
1000 160
1000 162
1000 172
1000 141
1000 136
1000 187
1000 153
1000 168
1000 144
1000 141
1000 156
1000 189
1000 199
1000 193
1000 198
1000 190
1000 144
1000 166
1000 166
1000 130
1000 156
1000 144
1000 142
1000 141
1000 307
1000 153
1000 127
1000 152
1000 129
1000 151
1000 143
1000 135
1000 146
1000 182
1000 173
1000 152
1000 133
1000 141
1000 152
1000 137
1000 153
1000 134
1000 153
1000 146
1000 149
1000 159
1000 126
1000 147
1000 168
1000 149
1000 137
1000 166
1000 139
1000 155
1000 187
1000 152
1000 158
1000 141
1000 136
1000 141
1000 363
1000 159
1000 139
1000 138
1000 147
1000 141
1000 195
1000 147
1000 150
1000 142
1000 148
1000 196
1000 178
1000 228
1000 129
1000 287
1000 146
1000 138
1000 148
1000 135
1000 167
1000 149
1000 306
1000 134
1000 337
10000 545
10000 490
10000 410
10000 486
10000 506
10000 487
10000 487
10000 486
10000 492
10000 544
10000 499
10000 555
10000 488
10000 711
10000 540
10000 546
10000 489
10000 539
10000 496
10000 549
10000 489
10000 536
10000 493
10000 555
10000 487
10000 538
10000 493
10000 544
10000 486
10000 546
10000 498
10000 550
10000 484
10000 543
10000 495
10000 543
10000 486
10000 539
10000 497
10000 556
10000 491
10000 546
10000 541
10000 543
10000 487
10000 547
10000 507
10000 546
10000 485
10000 535
10000 518
10000 558
10000 488
10000 547
10000 509
10000 567
10000 487
10000 545
10000 492
10000 549
10000 487
10000 532
10000 498
10000 502
10000 558
10000 496
10000 481
10000 491
10000 488
10000 477
10000 488
10000 478
10000 489
10000 485
10000 490
10000 478
10000 492
10000 487
10000 521
10000 505
10000 497
10000 442
10000 583
10000 401
10000 489
10000 477
10000 488
10000 522
10000 492
10000 511
10000 488
10000 506
10000 510
10000 485
10000 632
10000 495
10000 495
10000 496
10000 487
10000 488
100000 3931
100000 3590
100000 3264
100000 2564
100000 2163
100000 2902
100000 3368
100000 3234
100000 2374
100000 2191
100000 3321
100000 3346
100000 2930
100000 2327
100000 2181
100000 3404
100000 3641
100000 3631
100000 3414
100000 3303
100000 2509
100000 2040
100000 2144
100000 3317
100000 3413
100000 2788
100000 3359
100000 3362
100000 2061
100000 2765
100000 2328
100000 2261
100000 3479
100000 3372
100000 2790
100000 2368
100000 3587
100000 3359
100000 3818
100000 3342
100000 3251
100000 2437
100000 2183
100000 3816
100000 3290
100000 3654
100000 3377
100000 2895
100000 3349
100000 3451
100000 2936
100000 2123
100000 3294
100000 3465
100000 2910
100000 2201
100000 3575
100000 3379
100000 2611
100000 2171
100000 3367
100000 3376
100000 2808
100000 2249
100000 2097
100000 3327
100000 3383
100000 2890
100000 2217
100000 2147
100000 3356
100000 3369
100000 2884
100000 2408
100000 3601
100000 3354
100000 2832
100000 2372
100000 2151
100000 2153
100000 3301
100000 3375
100000 3133
100000 2504
100000 3371
100000 3410
100000 2988
100000 2001
100000 3297
100000 3326
100000 2889
100000 2327
100000 2176
100000 3551
100000 3350
100000 3534
100000 3297
100000 3350
100000 2658
100000 2167
1000000 19541
1000000 18864
1000000 18699
1000000 18742
1000000 19340
1000000 18742
1000000 21453
1000000 19142
1000000 19284
1000000 18745
1000000 20860
1000000 19799
1000000 18834
1000000 20470
1000000 18965
1000000 20531
1000000 18767
1000000 19099
1000000 21857
1000000 19313
1000000 19063
1000000 21306
1000000 18915
1000000 18694
1000000 19105
1000000 21044
1000000 19857
1000000 18748
1000000 22715
1000000 19455
1000000 19724
1000000 22950
1000000 18758
1000000 18738
1000000 20901
1000000 19586
1000000 21940
1000000 18946
1000000 19399
1000000 19793
1000000 19259
1000000 18918
1000000 21146
1000000 22073
1000000 18964
1000000 21567
1000000 18912
1000000 19542
1000000 18808
1000000 21138
1000000 21058
1000000 20549
1000000 20474
1000000 19028
1000000 18994
1000000 21459
1000000 19224
1000000 18912
1000000 21337
1000000 22305
1000000 19397
1000000 21227
1000000 19803
1000000 19852
1000000 21387
1000000 19439
1000000 18772
1000000 18774
1000000 19997
1000000 19960
1000000 21068
1000000 21143
1000000 19671
1000000 19843
1000000 18811
1000000 19253
1000000 21727
1000000 19688
1000000 21720
1000000 19307
1000000 19421
1000000 20960
1000000 21452
1000000 19440
1000000 21132
1000000 18761
1000000 20160
1000000 21663
1000000 18971
1000000 19918
1000000 19001
1000000 18676
1000000 18698
1000000 19068
1000000 20395
1000000 21225
1000000 19330
1000000 18880
1000000 21557
1000000 21659
