1000 285
1000 225
1000 211
1000 295
1000 342
1000 238
1000 460
1000 276
1000 364
1000 215
1000 227
1000 214
1000 211
1000 255
1000 213
1000 236
1000 209
1000 265
1000 221
1000 230
1000 236
1000 202
1000 221
1000 210
1000 202
1000 220
1000 211
1000 191
1000 221
1000 230
1000 218
1000 199
1000 224
1000 185
1000 218
1000 212
1000 212
1000 224
1000 233
1000 214
1000 209
1000 200
1000 196
1000 369
1000 199
1000 354
1000 190
1000 210
1000 351
1000 200
1000 223
1000 377
1000 210
1000 253
1000 298
1000 226
1000 205
1000 228
1000 223
1000 241
1000 209
1000 209
1000 199
1000 213
1000 276
1000 244
1000 197
1000 280
1000 213
1000 496
1000 221
1000 209
1000 218
1000 231
1000 217
1000 249
1000 300
1000 207
1000 204
1000 211
1000 235
1000 196
1000 259
1000 202
1000 237
1000 201
1000 215
1000 212
1000 201
1000 203
1000 207
1000 225
1000 222
1000 220
1000 263
1000 278
1000 193
1000 230
1000 203
1000 201
10000 484
10000 495
10000 473
10000 511
10000 482
10000 521
10000 468
10000 449
10000 549
10000 434
10000 579
10000 602
10000 568
10000 503
10000 505
10000 558
10000 460
10000 540
10000 541
10000 500
10000 593
10000 583
10000 462
10000 584
10000 554
10000 546
10000 487
10000 465
10000 529
10000 572
10000 528
10000 482
10000 462
10000 514
10000 527
10000 621
10000 571
10000 539
10000 535
10000 498
10000 493
10000 458
10000 643
10000 483
10000 467
10000 473
10000 596
10000 473
10000 572
10000 471
10000 540
10000 523
10000 540
10000 566
10000 545
10000 506
10000 440
10000 474
10000 615
10000 580
10000 450
10000 448
10000 533
10000 467
10000 461
10000 463
10000 564
10000 523
10000 492
10000 438
10000 459
10000 431
10000 463
10000 609
10000 526
10000 475
10000 437
10000 663
10000 434
10000 538
10000 489
10000 458
10000 1046
10000 459
10000 601
10000 474
10000 558
10000 512
10000 533
10000 644
10000 532
10000 468
10000 555
10000 521
10000 547
10000 444
10000 486
10000 543
10000 435
10000 476
100000 3564
100000 3378
100000 3478
100000 3316
100000 2825
100000 3548
100000 3736
100000 3007
100000 3027
100000 2977
100000 3780
100000 2891
100000 2938
100000 3645
100000 2950
100000 3122
100000 3651
100000 3194
100000 3835
100000 2760
100000 3192
100000 3829
100000 3849
100000 3397
100000 2898
100000 3207
100000 3774
100000 3725
100000 2930
100000 2993
100000 4550
100000 3817
100000 3082
100000 3068
100000 3875
100000 3145
100000 3906
100000 2999
100000 3038
100000 3653
100000 2992
100000 3109
100000 3136
100000 2573
100000 2828
100000 3079
100000 3624
100000 3194
100000 2937
100000 2499
100000 3169
100000 2973
100000 3154
100000 3172
100000 2564
100000 2989
100000 3105
100000 3793
100000 2967
100000 3535
100000 2785
100000 3004
100000 3102
100000 2910
100000 2619
100000 2954
100000 3694
100000 3093
100000 3234
100000 3099
100000 3072
100000 2555
100000 3597
100000 3593
100000 2805
100000 2429
100000 3565
100000 3580
100000 2724
100000 3067
100000 3846
100000 2653
100000 3739
100000 3049
100000 3736
100000 3626
100000 2509
100000 2225
100000 2761
100000 3025
100000 3761
100000 2797
100000 3126
100000 3478
100000 3692
100000 3798
100000 3415
100000 3564
100000 3411
100000 2921
1000000 19427
1000000 20480
1000000 19751
1000000 28144
1000000 19643
1000000 21241
1000000 19621
1000000 20667
1000000 20537
1000000 19009
1000000 19844
1000000 21234
1000000 18959
1000000 27023
1000000 21874
1000000 26949
1000000 22367
1000000 20794
1000000 20569
1000000 26436
1000000 23208
1000000 33191
1000000 30827
1000000 33964
1000000 32062
1000000 31833
1000000 21168
1000000 23026
1000000 24056
1000000 20129
1000000 18981
1000000 22967
1000000 21589
1000000 21712
1000000 19384
1000000 21501
1000000 19598
1000000 21014
1000000 22313
1000000 19468
1000000 28715
1000000 18668
1000000 20555
1000000 23791
1000000 19965
1000000 19641
1000000 22852
1000000 24227
1000000 21204
1000000 21748
1000000 21461
1000000 19464
1000000 28057
1000000 25892
1000000 29870
1000000 32449
1000000 34581
1000000 29914
1000000 35685
1000000 29721
1000000 43281
1000000 31836
1000000 37792
1000000 28581
1000000 30101
1000000 48133
1000000 27720
1000000 31597
1000000 36550
1000000 41269
1000000 38578
1000000 49629
1000000 31890
1000000 36637
1000000 22744
1000000 20692
1000000 19389
1000000 21223
1000000 18796
1000000 20940
1000000 25979
1000000 19991
1000000 19642
1000000 21878
1000000 21042
1000000 21358
1000000 19544
1000000 22920
1000000 20640
1000000 20461
1000000 20048
1000000 21964
1000000 20784
1000000 24552
1000000 21441
1000000 21616
1000000 22906
1000000 18672
1000000 20450
1000000 19610
