1000 469
1000 441
1000 368
1000 407
1000 502
1000 335
1000 337
1000 339
1000 321
1000 343
1000 357
1000 671
1000 315
1000 347
1000 333
1000 323
1000 375
1000 336
1000 363
1000 321
1000 387
1000 356
1000 332
1000 315
1000 510
1000 338
1000 321
1000 324
1000 328
1000 344
1000 321
1000 377
1000 332
1000 356
1000 357
1000 330
1000 324
1000 320
1000 403
1000 439
1000 324
1000 327
1000 362
1000 386
1000 346
1000 357
1000 323
1000 334
1000 322
1000 343
1000 345
1000 351
1000 307
1000 327
1000 328
1000 328
1000 317
1000 330
1000 373
1000 312
1000 347
1000 341
1000 367
1000 316
1000 332
1000 314
1000 378
1000 344
1000 359
1000 337
1000 422
1000 347
1000 804
1000 353
1000 354
1000 326
1000 323
1000 386
1000 341
1000 320
1000 371
1000 323
1000 365
1000 348
1000 316
1000 346
1000 354
1000 312
1000 312
1000 329
1000 340
1000 324
1000 392
1000 329
1000 330
1000 497
1000 331
1000 358
1000 323
1000 341
10000 704
10000 528
10000 499
10000 515
10000 515
10000 453
10000 570
10000 441
10000 461
10000 473
10000 460
10000 481
10000 487
10000 510
10000 443
10000 441
10000 539
10000 446
10000 479
10000 454
10000 478
10000 504
10000 455
10000 3889
10000 715
10000 598
10000 512
10000 439
10000 484
10000 1033
10000 795
10000 442
10000 512
10000 475
10000 503
10000 494
10000 785
10000 1431
10000 528
10000 480
10000 508
10000 534
10000 1020
10000 1575
10000 592
10000 477
10000 485
10000 449
10000 450
10000 1711
10000 761
10000 461
10000 546
10000 482
10000 497
10000 2329
10000 1293
10000 2058
10000 1010
10000 593
10000 637
10000 666
10000 681
10000 565
10000 561
10000 575
10000 465
10000 462
10000 505
10000 536
10000 576
10000 657
10000 921
10000 651
10000 517
10000 587
10000 1749
10000 669
10000 1639
10000 662
10000 597
10000 457
10000 542
10000 575
10000 602
10000 3183
10000 576
10000 554
10000 4468
10000 899
10000 639
10000 656
10000 569
10000 1795
10000 775
10000 492
10000 562
10000 3102
10000 1380
10000 813
100000 2763
100000 3305
100000 3860
100000 3806
100000 3455
100000 4401
100000 3641
100000 3346
100000 3382
100000 3940
100000 4652
100000 4841
100000 4423
100000 7799
100000 3020
100000 4905
100000 2954
100000 3510
100000 5225
100000 4280
100000 5231
100000 5349
100000 8413
100000 5530
100000 5771
100000 5910
100000 6906
100000 8890
100000 5777
100000 5207
100000 7049
100000 5884
100000 4133
100000 4319
100000 4135
100000 3111
100000 3973
100000 3076
100000 6986
100000 3197
100000 6967
100000 3807
100000 3746
100000 5263
100000 4492
100000 4991
100000 6910
100000 4719
100000 6164
100000 9138
100000 9352
100000 10059
100000 9668
100000 9852
100000 10203
100000 10496
100000 10393
100000 10139
100000 9745
100000 10877
100000 10761
100000 10857
100000 10531
100000 9663
100000 11016
100000 11335
100000 10289
100000 8703
100000 9786
100000 9048
100000 9173
100000 8110
100000 8426
100000 7520
100000 9580
100000 7198
100000 7275
100000 8391
100000 8267
100000 8441
100000 7412
100000 7907
100000 7290
100000 8559
100000 7656
100000 7180
100000 8606
100000 9260
100000 7335
100000 8004
100000 7497
100000 7495
100000 7338
100000 7241
100000 8375
100000 8969
100000 8251
100000 7396
100000 7387
100000 8251
1000000 25805
1000000 18814
1000000 22169
1000000 19328
1000000 22153
1000000 19435
1000000 19907
1000000 21429
1000000 22648
1000000 22430
1000000 21644
1000000 22237
1000000 19947
1000000 22227
1000000 20424
1000000 21485
1000000 21711
1000000 22129
1000000 20706
1000000 22103
1000000 24816
1000000 20925
1000000 22057
1000000 21155
1000000 19421
1000000 20997
1000000 22286
1000000 21892
1000000 20160
1000000 22093
1000000 19124
1000000 21165
1000000 21878
1000000 21878
1000000 20568
1000000 21411
1000000 21664
1000000 21132
1000000 22851
1000000 21270
1000000 20379
1000000 20605
1000000 28247
1000000 26310
1000000 26553
1000000 24186
1000000 26883
1000000 25290
1000000 24883
1000000 25435
1000000 25518
1000000 24730
1000000 24510
1000000 23606
1000000 25819
1000000 26626
1000000 23903
1000000 23534
1000000 27219
1000000 23745
1000000 24569
1000000 25096
1000000 26490
1000000 25311
1000000 24724
1000000 23959
1000000 28455
1000000 24580
1000000 23115
1000000 19239
1000000 22437
1000000 22245
1000000 25694
1000000 30578
1000000 33850
1000000 28334
1000000 24815
1000000 25467
1000000 19864
1000000 20609
1000000 20266
1000000 21912
1000000 20708
1000000 26787
1000000 26739
1000000 25893
1000000 26115
1000000 22080
1000000 24138
1000000 19443
1000000 22319
1000000 24848
1000000 19223
1000000 19391
1000000 22865
1000000 20990
1000000 21893
1000000 23482
1000000 25725
1000000 26612
