1000 298
1000 297
1000 289
1000 298
1000 230
1000 180
1000 298
1000 291
1000 292
1000 294
1000 290
1000 278
1000 290
1000 264
1000 299
1000 300
1000 293
1000 294
1000 253
1000 213
1000 293
1000 295
1000 293
1000 293
1000 288
1000 294
1000 291
1000 292
1000 270
1000 297
1000 273
1000 293
1000 281
1000 302
1000 204
1000 218
1000 215
1000 289
1000 287
1000 291
1000 292
1000 293
1000 291
1000 292
1000 292
1000 299
1000 268
1000 291
1000 266
1000 290
1000 264
1000 253
1000 293
1000 290
1000 262
1000 302
1000 289
1000 292
1000 290
1000 293
1000 265
1000 303
1000 262
1000 295
1000 261
1000 296
1000 264
1000 293
1000 270
1000 279
1000 265
1000 262
1000 269
1000 278
1000 270
1000 296
1000 264
1000 296
1000 264
1000 285
1000 265
1000 295
1000 264
1000 291
1000 267
1000 295
1000 296
1000 295
1000 267
1000 296
1000 288
1000 290
1000 292
1000 288
1000 227
1000 226
1000 225
1000 296
1000 289
1000 291
10000 1175
10000 1166
10000 1162
10000 1158
10000 1199
10000 1097
10000 1165
10000 1201
10000 1152
10000 1165
10000 1158
10000 1153
10000 1149
10000 1165
10000 1166
10000 1168
10000 1147
10000 1164
10000 1212
10000 1152
10000 1149
10000 1162
10000 1151
10000 1188
10000 957
10000 955
10000 959
10000 953
10000 956
10000 954
10000 956
10000 956
10000 882
10000 951
10000 965
10000 952
10000 952
10000 954
10000 951
10000 980
10000 950
10000 949
10000 977
10000 955
10000 974
10000 860
10000 902
10000 937
10000 954
10000 957
10000 962
10000 953
10000 955
10000 962
10000 951
10000 945
10000 952
10000 950
10000 970
10000 957
10000 958
10000 957
10000 957
10000 923
10000 956
10000 960
10000 962
10000 949
10000 957
10000 978
10000 958
10000 957
10000 955
10000 954
10000 935
10000 957
10000 954
10000 966
10000 954
10000 953
10000 957
10000 958
10000 979
10000 888
10000 956
10000 968
10000 954
10000 949
10000 958
10000 951
10000 931
10000 952
10000 950
10000 975
10000 962
10000 952
10000 958
10000 953
10000 930
10000 960
100000 8078
100000 7923
100000 6838
100000 6840
100000 6839
100000 6837
100000 6837
100000 6842
100000 6834
100000 6357
100000 5845
100000 5828
100000 5814
100000 6045
100000 5983
100000 5987
100000 5793
100000 5789
100000 5800
100000 5770
100000 5814
100000 5942
100000 5945
100000 5808
100000 5802
100000 5796
100000 5848
100000 5854
100000 5826
100000 5833
100000 5829
100000 5844
100000 5849
100000 5851
100000 5827
100000 5904
100000 5835
100000 5969
100000 5945
100000 5936
100000 5934
100000 5864
100000 5799
100000 5804
100000 5793
100000 5789
100000 5799
100000 5793
100000 5787
100000 5860
100000 5840
100000 5845
100000 5829
100000 5858
100000 5881
100000 5861
100000 5809
100000 5791
100000 5812
100000 5795
100000 5800
100000 5791
100000 5792
100000 5798
100000 5799
100000 5830
100000 5850
100000 5829
100000 5870
100000 5936
100000 5875
100000 5944
100000 5947
100000 5947
100000 5942
100000 5944
100000 5808
100000 5750
100000 5796
100000 5813
100000 5940
100000 5937
100000 5937
100000 5942
100000 5942
100000 5896
100000 5833
100000 5835
100000 5830
100000 5833
100000 6071
100000 5888
100000 5863
100000 5882
100000 5831
100000 5830
100000 5882
100000 5882
100000 5932
100000 5921
1000000 62204
1000000 58039
1000000 60112
1000000 57079
1000000 57455
1000000 56903
1000000 57339
1000000 57725
1000000 57041
1000000 56823
1000000 64543
1000000 69034
1000000 62305
1000000 61947
1000000 63048
1000000 56989
1000000 56806
1000000 57435
1000000 58605
1000000 58941
1000000 57256
1000000 57662
1000000 57325
1000000 58629
1000000 58111
1000000 56878
1000000 56969
1000000 56964
1000000 56804
1000000 58010
1000000 57114
1000000 56962
1000000 63122
1000000 57027
1000000 58836
1000000 58000
1000000 58446
1000000 59471
1000000 57303
1000000 62921
1000000 61608
1000000 61266
1000000 57803
1000000 57368
1000000 56943
1000000 56661
1000000 56577
1000000 56570
1000000 57137
1000000 56640
1000000 56633
1000000 57042
1000000 56673
1000000 57116
1000000 61524
1000000 58798
1000000 57143
1000000 56810
1000000 57171
1000000 56870
1000000 56591
1000000 57123
1000000 56714
1000000 56740
1000000 57192
1000000 56777
1000000 56891
1000000 56806
1000000 56646
1000000 56717
1000000 57141
1000000 57039
1000000 57420
1000000 57919
1000000 57704
1000000 60935
1000000 61165
1000000 57531
1000000 58020
1000000 59624
1000000 57626
1000000 57084
1000000 57681
1000000 58282
1000000 57376
1000000 57533
1000000 57258
1000000 56658
1000000 56664
1000000 57730
1000000 56894
1000000 56967
1000000 57199
1000000 57241
1000000 57194
1000000 57409
1000000 56772
1000000 57408
1000000 57184
1000000 57628
