1000 160
1000 116
1000 119
1000 117
1000 120
1000 116
1000 123
1000 121
1000 120
1000 191
1000 117
1000 191
1000 193
1000 117
1000 120
1000 188
1000 161
1000 205
1000 179
1000 182
1000 115
1000 179
1000 116
1000 139
1000 190
1000 169
1000 74
1000 192
1000 176
1000 182
1000 101
1000 183
1000 173
1000 143
1000 124
1000 170
1000 121
1000 121
1000 119
1000 125
1000 83
1000 1971
1000 1697
1000 110
1000 192
1000 181
1000 77
1000 186
1000 186
1000 116
1000 189
1000 179
1000 182
1000 78
1000 119
1000 119
1000 140
1000 117
1000 115
1000 117
1000 74
1000 182
1000 109
1000 78
1000 154
1000 126
1000 186
1000 132
1000 197
1000 179
1000 79
1000 121
1000 118
1000 82
1000 125
1000 190
1000 147
1000 144
1000 188
1000 182
1000 139
1000 102
1000 179
1000 191
1000 127
1000 118
1000 110
1000 75
1000 178
1000 170
1000 143
1000 190
1000 180
1000 115
1000 79
1000 186
1000 119
1000 141
1000 205
1000 175
10000 404
10000 401
10000 494
10000 365
10000 489
10000 437
10000 422
10000 420
10000 522
10000 480
10000 497
10000 1446
10000 2660
10000 784
10000 476
10000 474
10000 381
10000 543
10000 395
10000 364
10000 429
10000 355
10000 434
10000 474
10000 353
10000 485
10000 380
10000 473
10000 383
10000 478
10000 487
10000 376
10000 469
10000 425
10000 482
10000 474
10000 479
10000 484
10000 381
10000 489
10000 472
10000 496
10000 471
10000 382
10000 421
10000 491
10000 418
10000 436
10000 478
10000 436
10000 509
10000 469
10000 479
10000 454
10000 483
10000 481
10000 496
10000 474
10000 426
10000 371
10000 484
10000 437
10000 474
10000 434
10000 363
10000 381
10000 384
10000 436
10000 474
10000 3679
10000 511
10000 555
10000 472
10000 639
10000 398
10000 565
10000 506
10000 473
10000 476
10000 366
10000 500
10000 508
10000 469
10000 472
10000 420
10000 392
10000 477
10000 380
10000 386
10000 378
10000 468
10000 384
10000 478
10000 416
10000 476
10000 479
10000 381
10000 434
10000 436
10000 458
100000 3126
100000 3152
100000 3466
100000 3093
100000 3473
100000 3067
100000 3098
100000 3194
100000 3066
100000 3235
100000 3120
100000 3400
100000 3426
100000 3102
100000 3161
100000 3450
100000 3138
100000 3105
100000 3401
100000 3158
100000 3466
100000 3400
100000 3552
100000 3140
100000 3425
100000 3438
100000 3407
100000 3406
100000 3389
100000 3351
100000 3188
100000 3391
100000 3386
100000 3121
100000 3126
100000 3531
100000 3105
100000 3157
100000 3144
100000 3114
100000 3452
100000 3397
100000 3112
100000 3123
100000 3052
100000 3396
100000 3070
100000 3161
100000 3372
100000 3178
100000 3138
100000 3131
100000 3514
100000 3074
100000 3534
100000 3140
100000 3179
100000 3159
100000 3134
100000 3143
100000 3435
100000 3175
100000 3242
100000 3108
100000 3191
100000 3406
100000 3434
100000 3405
100000 3148
100000 3420
100000 3425
100000 3142
100000 3416
100000 3407
100000 3074
100000 3136
100000 3145
100000 3357
100000 3179
100000 3408
100000 3391
100000 3113
100000 3423
100000 3401
100000 3075
100000 3161
100000 3364
100000 3126
100000 3216
100000 3415
100000 3142
100000 3112
100000 3135
100000 3380
100000 3064
100000 3125
100000 3136
100000 3161
100000 3126
100000 3139
1000000 33233
1000000 32885
1000000 32491
1000000 34082
1000000 32800
1000000 32764
1000000 32472
1000000 32863
1000000 32815
1000000 32412
1000000 32543
1000000 32718
1000000 32769
1000000 38035
1000000 32575
1000000 32789
1000000 32297
1000000 32157
1000000 32264
1000000 32491
1000000 35176
1000000 35298
1000000 33046
1000000 34895
1000000 32751
1000000 39187
1000000 40563
1000000 40196
1000000 35154
1000000 32492
1000000 32297
1000000 32396
1000000 33193
1000000 32222
1000000 32496
1000000 32451
1000000 32195
1000000 32334
1000000 32476
1000000 32210
1000000 32643
1000000 37565
1000000 41658
1000000 36935
1000000 35356
1000000 35907
1000000 38136
1000000 39559
1000000 40263
1000000 36967
1000000 39981
1000000 40609
1000000 40154
1000000 39268
1000000 34170
1000000 37792
1000000 36856
1000000 35235
1000000 35914
1000000 34790
1000000 39222
1000000 42757
1000000 37554
1000000 37630
1000000 34881
1000000 34730
1000000 35980
1000000 38712
1000000 34745
1000000 36244
1000000 41082
1000000 39344
1000000 37898
1000000 40809
1000000 37449
1000000 34596
1000000 32316
1000000 32483
1000000 32349
1000000 32222
1000000 32460
1000000 32148
1000000 32490
1000000 34969
1000000 39533
1000000 39508
1000000 39027
1000000 40290
1000000 39481
1000000 39583
1000000 39504
1000000 39560
1000000 32896
1000000 32795
1000000 34323
1000000 33371
1000000 32428
1000000 32372
1000000 32153
1000000 32525
