1000 126
1000 125
1000 142
1000 147
1000 145
1000 147
1000 147
1000 143
1000 147
1000 148
1000 160
1000 119
1000 121
1000 153
1000 358
1000 104
1000 103
1000 111
1000 120
1000 110
1000 117
1000 107
1000 101
1000 100
1000 121
1000 108
1000 109
1000 109
1000 112
1000 121
1000 119
1000 104
1000 106
1000 104
1000 106
1000 118
1000 107
1000 114
1000 116
1000 101
1000 100
1000 105
1000 102
1000 101
1000 102
1000 969
1000 108
1000 109
1000 107
1000 302
1000 103
1000 112
1000 117
1000 109
1000 115
1000 126
1000 114
1000 115
1000 462
1000 116
1000 164
1000 109
1000 123
1000 159
1000 163
1000 136
1000 145
1000 113
1000 149
1000 109
1000 118
1000 137
1000 97
1000 114
1000 108
1000 119
1000 120
1000 103
1000 107
1000 106
1000 122
1000 118
1000 121
1000 110
1000 171
1000 127
1000 125
1000 114
1000 115
1000 124
1000 141
1000 153
1000 153
1000 126
1000 109
1000 97
1000 104
1000 143
1000 158
1000 126
10000 371
10000 376
10000 374
10000 396
10000 371
10000 377
10000 380
10000 374
10000 385
10000 393
10000 374
10000 295
10000 424
10000 423
10000 366
10000 380
10000 408
10000 418
10000 1065
10000 392
10000 380
10000 368
10000 388
10000 370
10000 372
10000 377
10000 373
10000 378
10000 246
10000 260
10000 381
10000 414
10000 447
10000 375
10000 368
10000 372
10000 375
10000 372
10000 372
10000 613
10000 378
10000 371
10000 389
10000 370
10000 404
10000 438
10000 381
10000 483
10000 245
10000 804
10000 425
10000 242
10000 436
10000 378
10000 434
10000 461
10000 378
10000 376
10000 374
10000 524
10000 373
10000 348
10000 439
10000 460
10000 256
10000 378
10000 374
10000 374
10000 369
10000 427
10000 401
10000 369
10000 426
10000 380
10000 392
10000 375
10000 373
10000 423
10000 381
10000 365
10000 396
10000 437
10000 266
10000 465
10000 423
10000 371
10000 371
10000 378
10000 385
10000 399
10000 374
10000 380
10000 384
10000 372
10000 420
10000 382
10000 376
10000 367
10000 380
10000 372
100000 3144
100000 3181
100000 3108
100000 1850
100000 2025
100000 3249
100000 3348
100000 3122
100000 1882
100000 2029
100000 1980
100000 3133
100000 3232
100000 3308
100000 2271
100000 2085
100000 1883
100000 3352
100000 3194
100000 3151
100000 2526
100000 3246
100000 3239
100000 3176
100000 2085
100000 2057
100000 1918
100000 5665
100000 3890
100000 4538
100000 2168
100000 3319
100000 4179
100000 4094
100000 3662
100000 3701
100000 2089
100000 3435
100000 3461
100000 3185
100000 3478
100000 3255
100000 3506
100000 3247
100000 2717
100000 3257
100000 3358
100000 3834
100000 2145
100000 3503
100000 3529
100000 1758
100000 3524
100000 2733
100000 3456
100000 1831
100000 3234
100000 3192
100000 1827
100000 2141
100000 3462
100000 1906
100000 3451
100000 3368
100000 3154
100000 3159
100000 2955
100000 1868
100000 2129
100000 1917
100000 1981
100000 3257
100000 3164
100000 3087
100000 2283
100000 3271
100000 3186
100000 3204
100000 2145
100000 3237
100000 3355
100000 1870
100000 2946
100000 2562
100000 3333
100000 3275
100000 3049
100000 2149
100000 2519
100000 3198
100000 1822
100000 1861
100000 2600
100000 3181
100000 2110
100000 2086
100000 1878
100000 3233
100000 1793
100000 3443
1000000 23367
1000000 21222
1000000 20672
1000000 22959
1000000 21920
1000000 20326
1000000 22825
1000000 20306
1000000 20570
1000000 21255
1000000 24397
1000000 20374
1000000 20777
1000000 22228
1000000 20156
1000000 20789
1000000 31093
1000000 37006
1000000 30670
1000000 34187
1000000 27266
1000000 26432
1000000 27379
1000000 26108
1000000 27089
1000000 32248
1000000 23320
1000000 22129
1000000 22884
1000000 20243
1000000 22395
1000000 20232
1000000 20809
1000000 20349
1000000 24844
1000000 23403
1000000 22116
1000000 27135
1000000 24209
1000000 23822
1000000 23938
1000000 22272
1000000 21137
1000000 22329
1000000 30573
1000000 23462
1000000 23131
1000000 23299
1000000 22383
1000000 20280
1000000 20393
1000000 21648
1000000 20895
1000000 22032
1000000 20448
1000000 28482
1000000 20440
1000000 23282
1000000 20582
1000000 20405
1000000 29537
1000000 26307
1000000 22794
1000000 21959
1000000 24847
1000000 20038
1000000 20660
1000000 23582
1000000 21207
1000000 21095
1000000 20806
1000000 20843
1000000 21807
1000000 20537
1000000 20340
1000000 20069
1000000 20363
1000000 20600
1000000 22493
1000000 20374
1000000 21868
1000000 21279
1000000 23231
1000000 25159
1000000 22213
1000000 23929
1000000 21451
1000000 20616
1000000 20566
1000000 20014
1000000 21255
1000000 22771
1000000 24163
1000000 20377
1000000 20117
1000000 21725
1000000 22504
1000000 22795
1000000 30163
1000000 34928
