1000 187
1000 167
1000 171
1000 229
1000 2804
1000 271
1000 197
1000 1810
1000 193
1000 182
1000 161
1000 166
1000 185
1000 216
1000 519
1000 233
1000 200
1000 296
1000 254
1000 176
1000 196
1000 180
1000 188
1000 221
1000 354
1000 211
1000 244
1000 276
1000 244
1000 198
1000 189
1000 197
1000 277
1000 634
1000 326
1000 218
1000 204
1000 250
1000 180
1000 194
1000 194
1000 229
1000 257
1000 219
1000 182
1000 182
1000 231
1000 190
1000 177
1000 197
1000 166
1000 182
1000 176
1000 175
1000 182
1000 175
1000 186
1000 196
1000 181
1000 176
1000 206
1000 206
1000 177
1000 184
1000 185
1000 256
1000 183
1000 176
1000 213
1000 217
1000 152
1000 189
1000 224
1000 233
1000 173
1000 218
1000 182
1000 167
1000 195
1000 189
1000 142
1000 175
1000 371
1000 184
1000 171
1000 327
1000 202
1000 179
1000 307
1000 181
1000 185
1000 311
1000 170
1000 171
1000 381
1000 241
1000 195
1000 174
1000 177
1000 171
10000 390
10000 374
10000 446
10000 414
10000 393
10000 453
10000 364
10000 477
10000 574
10000 486
10000 400
10000 415
10000 409
10000 487
10000 416
10000 357
10000 377
10000 447
10000 407
10000 524
10000 393
10000 374
10000 528
10000 480
10000 508
10000 408
10000 472
10000 608
10000 484
10000 418
10000 560
10000 478
10000 445
10000 390
10000 441
10000 379
10000 422
10000 378
10000 449
10000 457
10000 405
10000 470
10000 429
10000 412
10000 376
10000 474
10000 429
10000 440
10000 445
10000 391
10000 468
10000 458
10000 450
10000 482
10000 423
10000 464
10000 425
10000 421
10000 478
10000 395
10000 424
10000 398
10000 400
10000 440
10000 450
10000 366
10000 473
10000 376
10000 558
10000 439
10000 398
10000 413
10000 393
10000 527
10000 440
10000 490
10000 464
10000 376
10000 382
10000 393
10000 512
10000 461
10000 431
10000 383
10000 396
10000 410
10000 431
10000 493
10000 389
10000 395
10000 562
10000 525
10000 368
10000 387
10000 382
10000 513
10000 406
10000 457
10000 414
10000 430
100000 2649
100000 2193
100000 2857
100000 2773
100000 2777
100000 2588
100000 2860
100000 2825
100000 2644
100000 3475
100000 2047
100000 3202
100000 2045
100000 2644
100000 2746
100000 3435
100000 2864
100000 3275
100000 2768
100000 3337
100000 2910
100000 2713
100000 2790
100000 2876
100000 2890
100000 3296
100000 3104
100000 2879
100000 3528
100000 6334
100000 2856
100000 6549
100000 1992
100000 2612
100000 2685
100000 2600
100000 2715
100000 3421
100000 2499
100000 3611
100000 3388
100000 2666
100000 2148
100000 2803
100000 2791
100000 3477
100000 1989
100000 2356
100000 1937
100000 3634
100000 2910
100000 3088
100000 2851
100000 2881
100000 2894
100000 2795
100000 2599
100000 2827
100000 2589
100000 3476
100000 2592
100000 2290
100000 2639
100000 2583
100000 3487
100000 2636
100000 2307
100000 2119
100000 3221
100000 3760
100000 2091
100000 2532
100000 2040
100000 2848
100000 3357
100000 2939
100000 2067
100000 2662
100000 2786
100000 2767
100000 2632
100000 3651
100000 1907
100000 2679
100000 2713
100000 2847
100000 2592
100000 2580
100000 2035
100000 2698
100000 2723
100000 3545
100000 2571
100000 2211
100000 1958
100000 2827
100000 2945
100000 2750
100000 2798
100000 2534
1000000 23305
1000000 20433
1000000 23211
1000000 24217
1000000 22815
1000000 25818
1000000 21554
1000000 20178
1000000 20185
1000000 21920
1000000 23034
1000000 20886
1000000 24331
1000000 20189
1000000 20315
1000000 23084
1000000 20941
1000000 20122
1000000 23907
1000000 22849
1000000 20973
1000000 23252
1000000 22975
1000000 21596
1000000 20767
1000000 20009
1000000 25391
1000000 22317
1000000 20551
1000000 19899
1000000 23323
1000000 22651
1000000 20257
1000000 19992
1000000 23303
1000000 22673
1000000 21201
1000000 22147
1000000 21259
1000000 20090
1000000 23790
1000000 22449
1000000 20248
1000000 25739
1000000 20453
1000000 23067
1000000 20958
1000000 23941
1000000 20007
1000000 21992
1000000 25500
1000000 26300
1000000 23578
1000000 26339
1000000 21757
1000000 21986
1000000 21691
1000000 22206
1000000 20943
1000000 22183
1000000 22435
1000000 23400
1000000 20402
1000000 25320
1000000 21590
1000000 22274
1000000 20343
1000000 22968
1000000 21233
1000000 22694
1000000 20418
1000000 23188
1000000 20934
1000000 22963
1000000 22427
1000000 22510
1000000 23429
1000000 20249
1000000 23280
1000000 22481
1000000 20333
1000000 21692
1000000 20923
1000000 22250
1000000 19985
1000000 23062
1000000 20520
1000000 21548
1000000 23166
1000000 23477
1000000 20016
1000000 23225
1000000 21723
1000000 23545
1000000 20496
1000000 23979
1000000 23596
1000000 20070
1000000 22482
1000000 22880
