1000 339
1000 256
1000 260
1000 356
1000 309
1000 276
1000 344
1000 301
1000 259
1000 397
1000 359
1000 311
1000 349
1000 342
1000 302
1000 312
1000 275
1000 257
1000 305
1000 264
1000 252
1000 267
1000 297
1000 255
1000 270
1000 266
1000 256
1000 257
1000 312
1000 273
1000 244
1000 255
1000 238
1000 309
1000 242
1000 540
1000 258
1000 249
1000 323
1000 264
1000 243
1000 256
1000 249
1000 267
1000 249
1000 269
1000 247
1000 247
1000 342
1000 251
1000 248
1000 253
1000 274
1000 259
1000 246
1000 252
1000 274
1000 269
1000 302
1000 266
1000 248
1000 270
1000 261
1000 262
1000 262
1000 271
1000 245
1000 303
1000 314
1000 290
1000 267
1000 243
1000 262
1000 287
1000 247
1000 309
1000 273
1000 245
1000 348
1000 247
1000 268
1000 267
1000 256
1000 257
1000 260
1000 311
1000 278
1000 273
1000 296
1000 250
1000 266
1000 274
1000 250
1000 257
1000 239
1000 469
1000 257
1000 253
1000 281
1000 259
10000 410
10000 398
10000 399
10000 428
10000 498
10000 439
10000 434
10000 373
10000 408
10000 397
10000 445
10000 447
10000 463
10000 438
10000 443
10000 398
10000 413
10000 465
10000 382
10000 406
10000 469
10000 420
10000 695
10000 428
10000 508
10000 451
10000 380
10000 693
10000 412
10000 372
10000 476
10000 433
10000 427
10000 371
10000 447
10000 407
10000 421
10000 391
10000 397
10000 392
10000 387
10000 389
10000 395
10000 393
10000 391
10000 408
10000 501
10000 439
10000 392
10000 428
10000 477
10000 399
10000 391
10000 410
10000 381
10000 433
10000 379
10000 423
10000 425
10000 452
10000 431
10000 420
10000 466
10000 453
10000 468
10000 411
10000 416
10000 397
10000 383
10000 401
10000 436
10000 393
10000 431
10000 402
10000 472
10000 380
10000 428
10000 379
10000 444
10000 396
10000 394
10000 451
10000 378
10000 393
10000 476
10000 419
10000 504
10000 389
10000 979
10000 490
10000 560
10000 479
10000 425
10000 383
10000 562
10000 393
10000 429
10000 386
10000 397
10000 493
100000 2851
100000 2637
100000 2783
100000 2599
100000 2341
100000 2667
100000 2837
100000 2843
100000 3380
100000 3164
100000 2265
100000 2877
100000 2427
100000 2989
100000 3315
100000 3243
100000 2634
100000 2449
100000 2770
100000 3010
100000 2989
100000 3012
100000 2554
100000 2760
100000 2838
100000 3297
100000 2818
100000 2633
100000 2691
100000 2653
100000 2453
100000 3381
100000 2872
100000 2827
100000 2471
100000 2621
100000 2959
100000 2373
100000 3246
100000 2857
100000 2614
100000 1952
100000 2573
100000 2396
100000 2574
100000 2174
100000 2578
100000 3086
100000 2540
100000 2395
100000 3093
100000 2443
100000 3311
100000 3258
100000 3318
100000 2922
100000 2536
100000 2745
100000 3029
100000 2462
100000 2858
100000 2612
100000 2750
100000 2594
100000 2154
100000 2775
100000 2456
100000 2850
100000 2581
100000 3374
100000 2779
100000 2900
100000 2441
100000 3396
100000 3123
100000 2614
100000 2548
100000 2415
100000 3350
100000 2821
100000 2506
100000 2903
100000 2802
100000 2630
100000 2937
100000 2418
100000 2901
100000 2692
100000 3340
100000 2587
100000 2833
100000 3014
100000 2930
100000 2908
100000 2926
100000 2607
100000 2606
100000 2632
100000 3341
100000 3240
1000000 22290
1000000 23147
1000000 21643
1000000 20290
1000000 23662
1000000 20208
1000000 23876
1000000 22407
1000000 21092
1000000 22818
1000000 20751
1000000 22810
1000000 23023
1000000 22095
1000000 22801
1000000 22322
1000000 21365
1000000 22245
1000000 22776
1000000 20185
1000000 23927
1000000 20371
1000000 24210
1000000 20262
1000000 23246
1000000 22733
1000000 22324
1000000 21438
1000000 22887
1000000 23209
1000000 21924
1000000 22046
1000000 23621
1000000 23764
1000000 20583
1000000 20913
1000000 24440
1000000 22062
1000000 22796
1000000 23414
1000000 20000
1000000 23893
1000000 21944
1000000 24078
1000000 21394
1000000 24155
1000000 24001
1000000 23307
1000000 20136
1000000 23422
1000000 20255
1000000 23120
1000000 21625
1000000 23588
1000000 22918
1000000 23639
1000000 22151
1000000 21994
1000000 21380
1000000 22926
1000000 21576
1000000 22192
1000000 22675
1000000 23429
1000000 20459
1000000 22271
1000000 22692
1000000 21592
1000000 21504
1000000 23165
1000000 22010
1000000 20066
1000000 23696
1000000 22602
1000000 19988
1000000 23298
1000000 22778
1000000 23656
1000000 23579
1000000 21239
1000000 22302
1000000 21146
1000000 22032
1000000 21781
1000000 21629
1000000 22658
1000000 19984
1000000 22768
1000000 21922
1000000 21633
1000000 22490
1000000 23388
1000000 21674
1000000 23771
1000000 20174
1000000 21924
1000000 22801
1000000 24390
1000000 23435
1000000 20961
